normalized frequencies in [0,1] 
passband cutoff frequency .... (0.2) : 
passband ripple in dB ........ (0.2) : 
stopband cutoff frequency .... (0.3) : 
stopband attenuation in dB .... (40) : 
word length B in bits .......... (8) : 

impulse response
index : design : quantized : error
   1    -0.0021   -0.0000   -0.0021
   2     0.0061    0.0078   -0.0018
   3     0.0065    0.0078   -0.0013
   4     0.0051    0.0078   -0.0027
   5    -0.0002   -0.0000   -0.0002
   6    -0.0073   -0.0078    0.0005
   7    -0.0121   -0.0156    0.0036
   8    -0.0099   -0.0078   -0.0021
   9     0.0003    0.0000    0.0003
  10     0.0143    0.0156   -0.0013
  11     0.0234    0.0234   -0.0001
  12     0.0192    0.0156    0.0036
  13    -0.0004   -0.0000   -0.0004
  14    -0.0280   -0.0313    0.0032
  15    -0.0476   -0.0469   -0.0007
  16    -0.0415   -0.0391   -0.0024
  17     0.0005    0.0000    0.0005
  18     0.0734    0.0703    0.0031
  19     0.1573    0.1563    0.0010
  20     0.2241    0.2266   -0.0025
  21     0.2495    0.2500   -0.0005
  22     0.2241    0.2266   -0.0025
  23     0.1573    0.1563    0.0010
  24     0.0734    0.0703    0.0031
  25     0.0005    0.0000    0.0005
  26    -0.0415   -0.0391   -0.0024
  27    -0.0476   -0.0469   -0.0007
  28    -0.0280   -0.0313    0.0032
  29    -0.0004   -0.0000   -0.0004
  30     0.0192    0.0156    0.0036
  31     0.0234    0.0234   -0.0001
  32     0.0143    0.0156   -0.0013
  33     0.0003    0.0000    0.0003
  34    -0.0099   -0.0078   -0.0021
  35    -0.0121   -0.0156    0.0036
  36    -0.0073   -0.0078    0.0005
  37    -0.0002   -0.0000   -0.0002
  38     0.0051    0.0078   -0.0027
  39     0.0065    0.0078   -0.0013
  40     0.0061    0.0078   -0.0018
  41    -0.0021   -0.0000   -0.0021

maximum deviation of magnitude of frequency response
and upper error bound: 0.030886 <= 4.00391