normalized frequencies in [0,1] 
passband cutoff frequency .... (0.2) : 
passband ripple in dB ........ (0.2) : 
stopband cutoff frequency .... (0.3) : 
stopband attenuation in dB .... (40) : 
word length B in bits .......... (8) : 15

impulse response
index : design : quantized : error
   1    -0.0021   -0.0021    0.0000
   2     0.0061    0.0060    0.0000
   3     0.0065    0.0065   -0.0000
   4     0.0051    0.0051   -0.0000
   5    -0.0002   -0.0001   -0.0000
   6    -0.0073   -0.0073   -0.0000
   7    -0.0121   -0.0121    0.0000
   8    -0.0099   -0.0099    0.0000
   9     0.0003    0.0003    0.0000
  10     0.0143    0.0143   -0.0000
  11     0.0234    0.0234    0.0000
  12     0.0192    0.0192    0.0000
  13    -0.0004   -0.0004    0.0000
  14    -0.0280   -0.0280   -0.0000
  15    -0.0476   -0.0476   -0.0000
  16    -0.0415   -0.0414   -0.0000
  17     0.0005    0.0004    0.0000
  18     0.0734    0.0734    0.0000
  19     0.1573    0.1573   -0.0000
  20     0.2241    0.2241    0.0000
  21     0.2495    0.2495    0.0000
  22     0.2241    0.2241    0.0000
  23     0.1573    0.1573   -0.0000
  24     0.0734    0.0734    0.0000
  25     0.0005    0.0004    0.0000
  26    -0.0415   -0.0414   -0.0000
  27    -0.0476   -0.0476   -0.0000
  28    -0.0280   -0.0280   -0.0000
  29    -0.0004   -0.0004    0.0000
  30     0.0192    0.0192    0.0000
  31     0.0234    0.0234    0.0000
  32     0.0143    0.0143   -0.0000
  33     0.0003    0.0003    0.0000
  34    -0.0099   -0.0099    0.0000
  35    -0.0121   -0.0121    0.0000
  36    -0.0073   -0.0073   -0.0000
  37    -0.0002   -0.0001   -0.0000
  38     0.0051    0.0051   -0.0000
  39     0.0065    0.0065   -0.0000
  40     0.0061    0.0060    0.0000
  41    -0.0021   -0.0021    0.0000

maximum deviation of magnitude of frequency response
and upper error bound: 0.000224949 <= 0.0312805